# This file may be used to create an environment using:
# $ conda create --name <env> --file <this file>
# platform: win-64
# created-by: conda 24.11.0
appdirs=1.4.4=pyhd3eb1b0_0
attrs=24.3.0=py311haa95532_0
automat=24.8.1=py311haa95532_0
azure-core=1.29.5=py311haa95532_0
azure-storage-blob=12.19.0=py311haa95532_0
bcrypt=4.3.0=py311h636fa0f_0
brotlicffi=1.0.9.2=py311h5da7b33_1
bzip2=1.0.8=h2bbff1b_6
ca-certificates=2025.7.15=haa95532_0
certifi=2025.8.3=py311haa95532_0
cffi=1.17.1=py311h827c3e9_1
charset-normalizer=3.3.2=pyhd3eb1b0_0
constantly=23.10.4=py311haa95532_0
cryptography=44.0.1=py311hbd6ee87_0
cssselect=1.2.0=py311haa95532_0
defusedxml=0.7.1=pyhd3eb1b0_0
expat=2.7.1=h8ddb27b_0
filelock=3.17.0=py311haa95532_0
hyperlink=21.0.0=pyhd3eb1b0_0
idna=3.7=py311haa95532_0
incremental=24.7.2=pyhd3eb1b0_0
isodate=0.7.2=py311haa95532_1
itemadapter=0.12.1=py311haa95532_0
itemloaders=1.3.2=py311haa95532_0
jmespath=1.0.1=py311haa95532_0
libffi=3.4.4=hd77b12b_1
libiconv=1.16=h2bbff1b_3
libxml2=2.13.8=h866ff63_0
libxslt=1.1.41=h0739af5_0
lxml=5.3.0=py311h395c83e_1
openssl=3.0.17=h35632f6_0
packaging=25.0=py311haa95532_0
parsel=1.8.1=py311haa95532_0
pip=25.2=pyhc872135_0
protego=0.4.0=py311haa95532_0
pyasn1=0.6.1=py311haa95532_0
pyasn1-modules=0.4.2=py311haa95532_0
pycparser=2.21=pyhd3eb1b0_0
pydispatcher=2.0.7=py311haa95532_0
pyopenssl=25.0.0=py311hb6ff9d5_0
pysocks=1.7.1=py311haa95532_0
python=3.11.13=h981015d_0
pywin32=311=py311h885b0b7_0
queuelib=1.6.2=py311haa95532_0
requests=2.32.5=py311haa95532_0
requests-file=2.1.0=py311haa95532_0
scrapy=2.13.3=py311haa95532_0
service_identity=24.2.0=py311haa95532_0
setuptools=78.1.1=py311haa95532_0
six=1.17.0=py311haa95532_0
sqlite=3.50.2=hda9a48d_1
tk=8.6.15=hf199647_0
tldextract=5.1.2=py311haa95532_0
tomli=2.2.1=py311haa95532_0
twisted=24.11.0=py311haa95532_0
twisted-iocpsupport=1.0.2=py311h827c3e9_1
typing-extensions=4.15.0=py311haa95532_0
typing_extensions=4.15.0=py311haa95532_0
tzdata=2025b=h04d1e81_0
ucrt=10.0.22621.0=haa95532_0
urllib3=2.5.0=py311haa95532_0
vc=14.3=h2df5915_10
vc14_runtime=14.44.35208=h4927774_10
vs2015_runtime=14.44.35208=ha6b5a95_10
w3lib=2.1.2=py311haa95532_0
wheel=0.45.1=py311haa95532_0
win_inet_pton=1.1.0=py311haa95532_0
xz=5.6.4=h4754444_1
zlib=1.2.13=h8cc25b3_1
zope=1.0=py311haa95532_1
zope.interface=7.1.1=py311h827c3e9_0
